%% Q1 - Fly
m = 0.001;
k = 0.2e6;
c = 2;
a = 0.1e-6;
V_max = 100;
L = 100e-6;
